4
02747177
75dbeb01fdc7f265d0a96520c31993ad
[-0.4218940433106792, -1.0685489699665398, 0.4129669967707013]
[-0.9997510387011045, -0.012392096973454197, 0.011986509450602423, -0.014164043908894699]
[0.6036692787154938, 0.5616359071699377, 0.3900414012407072]
[0.2917785048484802, 0.282366007566452, 0.2917785048484802]
[-0.003125503659248352, -0.08369699865579605, -0.0033794939517974854]
04554684
60f7d79d10e19134a3e7878f2bb5f0ca
[-0.21438073512891045, -0.36957200826346975, -0.37874332879774025]
[-0.06991742045166265, -0.011242162479574531, 0.997264946707801, 0.021161147607222475]
[1.1122495483778099, 1.6740938620916717, 1.2698939761563093]
[0.305307000875473, 0.3072884976863861, 0.24972251057624817]
[-0.10077200084924698, -0.2240464985370636, -0.09433550387620926]
04554684
ba5ea28f0065c71cdf3a1b0d597ce76e
[0.608970350034572, -0.44243060889961694, -0.399919726457703]
[-0.04604107450962749, -0.0009173178767099325, 0.9988415670411274, 0.013960728374175113]
[1.3557595399586635, 1.4266030475888647, 1.2468378751626623]
[0.23529350757598877, 0.36601200699806213, 0.24631750583648682]
[-0.002146504819393158, -0.20388700813055038, -0.09175750613212585]
02808440
38773e1ff9871cb33321831d2245cf06
[-0.7411683508619605, -0.6613770617035246, 0.47265557276365305]
[-0.7627376143726659, -0.0036824843687122, 0.6466298249603786, 0.00936164524423462]
[0.6633226885939417, 1.963047730467409, 0.8638019080525413]
[0.3769199848175049, 0.13623450696468353, 0.2989504933357239]
[0.0006520003080368042, -0.015999499708414078, -0.005422502756118774]
